GPS: 33.4356043967,2.05521490472,0.0,0.0,0.0,0.999992073306,0.00398162345407
DGPS: -36.7126043967,20.2107850953,0.0,0.0,0.0,-0.00398162345407,0.999992073306
GPS: 33.3356075674,2.0560112231,0.0,0.0,0.0,-0.767401156867,0.6411672671340706
DGPS: -36.6126075674,20.2099887769,0.0,0.0,0.0,0.67872004732,0.7343970978740706
GPS: 33.3198719284,1.85663120989,0.0,0.0,0.0,-0.17388948538,0.9847651734670706
DGPS: -36.5968719284,20.4093687901,0.0,0.0,0.0,0.992225325453,0.124454423507706
GPS: 33.513676367,1.80723647754,0.0,0.0,0.0,0.544021110889,0.83907152907653706
DGPS: -36.790676367,20.4587635225,0.0,0.0,0.0,-0.810833184967,0.585277324143706
All requests sent, socket closed, client finished
